# Created by Octave 4.2.2, Wed Nov 06 15:40:17 2019 EST <sean@sean-ThinkPad-P50s>
# name: Beta
# type: scalar
2


# name: LBdeltaE
# type: scalar
0


# name: LBdeltat2
# type: scalar
0.001


# name: LBt1
# type: scalar
0.001


# name: LBv
# type: scalar
-1


# name: LBxi
# type: scalar
-1


# name: ParticleLB
# type: matrix
# rows: 1
# columns: 11
 -1 -1 -1 -1 -1 -1 -1 -1 0.001 0 0.001


# name: ParticleUB
# type: matrix
# rows: 1
# columns: 11
 1 1 1 1 1 1 1 1 3 6.283185307179586 3


# name: R1
# type: scalar
1


# name: R2
# type: scalar
2


# name: UBdeltaE
# type: scalar
6.283185307179586


# name: UBdeltat2
# type: scalar
3


# name: UBt1
# type: scalar
3


# name: UBv
# type: scalar
1


# name: UBxi
# type: scalar
1


# name: VelocityLB
# type: matrix
# rows: 1
# columns: 11
 -2 -2 -2 -2 -2 -2 -2 -2 -2.999 -6.283185307179586 -2.999


# name: VelocityUB
# type: matrix
# rows: 1
# columns: 11
 2 2 2 2 2 2 2 2 2.999 6.283185307179586 2.999


# name: aCoast
# type: scalar
1.821620591960722


# name: c
# type: scalar
0.5


# name: cC
# type: scalar
0.02751886497043787


# name: cCTerm
# type: matrix
# rows: 1
# columns: 11
 -0.01234598801339183 0.0007827908964788564 -0.007656454233471255 -0.01221569774640157 3.62541268828839e-06 -0.004176451388862901 0.01324067626889478 0.01271336444608114 0.0008246967767168695 -0.0188031385673206 -0.01445365333479981


# name: cI
# type: scalar
0.5352126622796317


# name: cITerm
# type: matrix
# rows: 1
# columns: 11
 0.2401163391083976 -0.01522445057827695 0.1489098935701164 0.2375823319558537 -7.051042180865733e-05 0.08122753860364658 -0.3241551171957072 -0.2472614200850171 -0.0160394753894911 0.3657010513565653 0.2811081884843449


# name: cS
# type: scalar
1.253186453925805


# name: cSTerm
# type: matrix
# rows: 1
# columns: 11
 -0.2868505297204414 0.05604729685526123 -0.09959926175550991 -0.7673679469522116 -0.01410672863055169 0.1882355127299504 0.8029248531547081 0.7662794403296351 0.05607182477549245 -1.155300461741519 -0.8497444521550455


# name: coastingTimeInterval
# type: scalar
9.80518957752632


# name: cosEccAnomaly1
# type: scalar
0.733935959831871


# name: cosTrueAnamoly1
# type: scalar
0.4299490159372925


# name: cosTrueAnamoly2
# type: scalar
-0.9034157854287239


# name: cost
# type: scalar
69.5294366385822


# name: costFunctionVals
# type: matrix
# rows: 30
# columns: 1
 42.13101463888681
 44.70523172733905
 40.61742332370727
 151.3692774640627
 168.0313553432117
 71.8694372934017
 95.76285800928666
 2971.180052076304
 20.69654010127135
 176.8951081744784
 142.5678737641609
 66.32261670557266
 25.02183859956207
 23.44359366446247
 149.4319473176899
 25.63242111786523
 32.36583311644291
 124.8354023446532
 46.70233012679077
 28.21673745898268
 129.3001041826228
 50.72176446751707
 88.41155890199721
 39.10376956983202
 138.4868480163724
 24.65645603262826
 129.1903681093356
 75.92638464074223
 30.44002844156691
 69.5294366385822


# name: costValueAverage
# type: scalar
174.1188537123111


# name: costValueSum
# type: scalar
5223.565611369332


# name: d2
# type: scalar
-0.174447505790319


# name: d3
# type: scalar
0.264508539608364


# name: debug
# type: bool
0


# name: deltaE
# type: scalar
3.636555375957728


# name: deltaT1Particle
# type: scalar
0.937197677589112


# name: deltaT2Particle
# type: scalar
2.504968553222192


# name: displayAverageCostValuePerIteration
# type: bool
1


# name: displayCostFunctionValue
# type: bool
0


# name: eCoast
# type: scalar
0.4441364365277161


# name: eccAnamoly1
# type: scalar
0.2016021344172677


# name: eccAnomaly2
# type: scalar
3.838157510374996


# name: globalBestParticle
# type: matrix
# rows: 1
# columns: 11
 -0.4282102290775405 -0.3897073695270246 -0.6467496945014892 -0.01141882628502117 -0.1528822896527198 -0.6980276404696781 -0.3592933831678287 0.303921687012231 0.981941079179385 2.714665055389422 1.826901495049734


# name: globalBestValue
# type: scalar
15.77892750927605


# name: globalBestValuePerIteration
# type: matrix
# rows: 10
# columns: 1
 56.32870655762282
 37.27772710344827
 37.27772710344827
 36.70336529421175
 30.85331747855501
 15.77892750927605
 15.77892750927605
 15.77892750927605
 15.77892750927605
 15.77892750927605


# name: i
# type: scalar
30


# name: iC2
# type: matrix
# rows: 4
# columns: 1
 -0.157477725448149
 0.4951487599920249
 2.442201446640007
 4.172612256625517


# name: icThurstArc1
# type: matrix
# rows: 4
# columns: 1
 0
 1
 1
 0


# name: j
# type: scalar
10


# name: k
# type: scalar
11


# name: n0
# type: scalar
0.2


# name: numIterations
# type: scalar
10


# name: numPart
# type: scalar
30


# name: numParticles
# type: scalar
30


# name: numUnknowns
# type: scalar
11


# name: particle
# type: matrix
# rows: 1
# columns: 11
 -0.1993133009134698 -0.4344311986744624 -0.5672728844517959 0.600914593493265 -0.1416256018818297 -0.8482331522993607 -1 -0.3075431416484554 0.937197677589112 3.636555375957728 2.504968553222192


# name: particleCostFunctionBests
# type: matrix
# rows: 30
# columns: 1
 27.45181936269499
 33.97010379323292
 39.78610878363929
 37.27772710344827
 58.37551772856773
 30.85331747855501
 37.33808321691747
 40.38193214865918
 20.69654010127135
 39.47851190876325
 35.14054556175896
 43.47369238176281
 25.02183859956207
 23.44359366446247
 63.6917372829556
 25.63242111786523
 32.36583311644291
 23.14401609899615
 36.3241008466382
 27.30688982743981
 47.9473238548148
 50.72176446751707
 40.89171853268513
 37.84060716911738
 25.31096714231083
 22.5243578667853
 30.84849744917287
 25.50155516642731
 15.77892750927605
 42.52849945655272


