# Created by Octave 4.2.2, Mon Nov 11 12:08:28 2019 EST <sean@sean-ThinkPad-P50s>
# name: Beta
# type: scalar
2


# name: LBdeltaE
# type: scalar
0


# name: LBdeltat2
# type: scalar
0.001


# name: LBt1
# type: scalar
0.001


# name: LBv
# type: scalar
-1


# name: LBxi
# type: scalar
-1


# name: ParticleLB
# type: matrix
# rows: 1
# columns: 11
 -1 -1 -1 -1 -1 -1 -1 -1 0.001 0 0.001


# name: ParticleUB
# type: matrix
# rows: 1
# columns: 11
 1 1 1 1 1 1 1 1 3 6.283185307179586 3


# name: R1
# type: scalar
1


# name: R2
# type: scalar
2


# name: UBdeltaE
# type: scalar
6.283185307179586


# name: UBdeltat2
# type: scalar
3


# name: UBt1
# type: scalar
3


# name: UBv
# type: scalar
1


# name: UBxi
# type: scalar
1


# name: VelocityLB
# type: matrix
# rows: 1
# columns: 11
 -2 -2 -2 -2 -2 -2 -2 -2 -2.999 -6.283185307179586 -2.999


# name: VelocityUB
# type: matrix
# rows: 1
# columns: 11
 2 2 2 2 2 2 2 2 2.999 6.283185307179586 2.999


# name: aCoast
# type: scalar
2.496671373266556


# name: c
# type: scalar
0.5


# name: cC
# type: scalar
1.109898202034109


# name: cCTerm
# type: matrix
# rows: 1
# columns: 11
 4.374432613053576e-14 0 3.327033254998495e-14 -9.438916567884618e-14 0 1.530281267981946e-14 0 0 1.601904900554831e-14 0 0


# name: cI
# type: scalar
0.5347195134306149


# name: cITerm
# type: matrix
# rows: 1
# columns: 11
 -9.325133636003035e-15 4.595297076772678e-66 -6.193950062229817e-15 1.922338494220792e-14 -6.305166616862889e-66 -1.575749772793158e-15 -4.993174516897091e-66 6.636427184257888e-52 -3.326446538405329e-15 -1.624863372466747e-65 -2.031974510125035e-51


# name: cS
# type: scalar
0.3321711668451713


# name: cSTerm
# type: matrix
# rows: 1
# columns: 11
 9.846534870534633e-15 0 4.167260076293684e-15 -1.795978457659313e-14 0 -2.867296202936583e-15 0 0 3.392813513442645e-15 0 0


# name: coastingTimeInterval
# type: scalar
-0.3170793484075088


# name: cosEccAnomaly1
# type: scalar
0.5000519160696839


# name: cosTrueAnamoly1
# type: scalar
-0.2239981267196791


# name: cosTrueAnamoly2
# type: scalar
-0.09873417354092771


# name: cost
# type: scalar
1.734357179919769


# name: costFunctionVals
# type: matrix
# rows: 110
# columns: 1
 1.734357179920472
 1.434357179918113
 1.534357179940162
 1.734357179926042
 1.434357179918091
 1.43435717991809
 1.534357179918099
 1.734357179923744
 1.434357179918088
 1.734357187565539
 1.734357179988656
 1.7343571800046
 1.734357179919299
 1.53435717991821
 1.73435717991931
 1.434357179918095
 1.534357730425674
 1.434357179918119
 1.434357179918092
 1.734357179919896
 1.634357179918198
 1.534357179918121
 1.534357179930595
 1.534357179918177
 1.634357179918276
 1.434357179918098
 1.634357179925443
 1.634357179918132
 1.434357179918113
 1.534357202850197
 1.634357179918256
 1.53435717991811
 1.734357180116793
 1.534357179918121
 1.434357179918088
 1.734357182849666
 1.434357179918096
 1.734357179926937
 1.534357179918304
 1.434357179918089
 1.434357179918095
 1.634357179918143
 1.434357179918403
 1.634357179918099
 1.434357179918254
 1.534357179918132
 1.534357179918143
 1.734357179919334
 1.53435717991811
 1.53435717991811
 1.434357179918088
 1.534357179918103
 1.734357179948545
 1.734357179921171
 1.434357179918124
 1.534357179918189
 1.434357179918112
 1.434357179918099
 1.534357179918121
 1.534357179918144
 1.534357179918099
 1.534357186753599
 1.634357179918231
 1.434357179918091
 1.734357179918621
 1.53435717991811
 1.734357179918512
 1.434357179918095
 1.734357179918703
 1.634357179918259
 1.63435717991817
 1.634357181236423
 1.734357179918828
 1.534357179918291
 1.534357179918111
 1.534357179918197
 1.634357179918421
 1.434357179918409
 1.734357179920132
 1.534357179918121
 1.5343571799181
 1.53435717991811
 1.634357179918165
 1.534357179918121
 1.734357183648982
 1.634357179918165
 1.534357179918144
 1.654676044330988
 1.434357179972358
 1.434357179918092
 1.434357179918144
 1.534357179918177
 1.5343571799181
 1.534357179918112
 1.434357180086063
 1.434357179918204
 1.534357179918088
 1.734357179918745
 1.434357179918131
 1.734357179921209
 1.734357180119417
 1.434357179918089
 1.434357179918154
 1.734357180063997
 1.634357180295309
 1.734357179925393
 1.434357179918098
 1.534357179918177
 1.534357179918099
 1.734357179919769


# name: costValueAverage
# type: scalar
1.569996447752144


# name: costValueSum
# type: scalar
172.6996092527358


# name: d2
# type: scalar
-0.001000000000008883


# name: d3
# type: scalar
-0.001000000000007439


# name: debug
# type: bool
0


# name: debugPSO
# type: bool
0


# name: deltaE
# type: scalar
0


# name: deltaT1Particle
# type: scalar
1.433357179918078


# name: deltaT2Particle
# type: scalar
0.001


# name: displayAverageCostValuePerIteration
# type: bool
1


# name: displayCostFunctionValue
# type: bool
0


# name: eCoast
# type: scalar
0.6511178783597698


# name: eccAnamoly1
# type: scalar
0.9393226230330314


# name: eccAnomaly2
# type: scalar
0.9393226230330314


# name: evalTestParticle
# type: bool
0


# name: globalBestParticle
# type: matrix
# rows: 1
# columns: 11
 0.4523300824143442 1 -0.6631593908754743 0.3907228879033605 -1 0.03984607096005797 -1 1 1.433357179918088 0 0.001


# name: globalBestValue
# type: scalar
1.434357179918088


