# Created by Octave 4.2.2, Wed Nov 06 14:10:14 2019 EST <sean@sean-ThinkPad-P50s>
# name: globalVestValuePerIteration
# type: matrix
# rows: 10
# columns: 1
 1.729714441402022
 1.390208997757721
 0.6851006941289176
 0.4839622031455761
 0.4755912043552413
 0.4755912043552413
 0.4755912043552413
 0.4590439817766058
 0.4590439817766058
 0.4590439817766058


