# Created by Octave 4.2.2, Mon Nov 11 12:50:28 2019 EST <sean@sean-ThinkPad-P50s>
# name: Beta
# type: scalar
2


# name: LBdeltaE
# type: scalar
0


# name: LBdeltat2
# type: scalar
0.001


# name: LBt1
# type: scalar
0.001


# name: LBv
# type: scalar
-1


# name: LBxi
# type: scalar
-1


# name: ParticleLB
# type: matrix
# rows: 1
# columns: 11
 -1 -1 -1 -1 -1 -1 -1 -1 0.001 0 0.001


# name: ParticleUB
# type: matrix
# rows: 1
# columns: 11
 1 1 1 1 1 1 1 1 3 6.283185307179586 3


# name: R1
# type: scalar
1


# name: R2
# type: scalar
2


# name: UBdeltaE
# type: scalar
6.283185307179586


# name: UBdeltat2
# type: scalar
3


# name: UBt1
# type: scalar
3


# name: UBv
# type: scalar
1


# name: UBxi
# type: scalar
1


# name: VelocityLB
# type: matrix
# rows: 1
# columns: 11
 -2 -2 -2 -2 -2 -2 -2 -2 -2.999 -6.283185307179586 -2.999


# name: VelocityUB
# type: matrix
# rows: 1
# columns: 11
 2 2 2 2 2 2 2 2 2.999 6.283185307179586 2.999


# name: aCoast
# type: scalar
1.494558940467713


# name: c
# type: scalar
0.5


# name: cC
# type: scalar
0.257547603069541


# name: cCTerm
# type: matrix
# rows: 1
# columns: 11
 -0.0001542833039080771 -1.365279190213089e-06 -7.058652789137989e-05 -5.013292660251769e-05 0.0001128269497523849 1.241080834657181e-05 0.0001038182612861773 6.058158227686675e-06 7.461546052868168e-05 -6.634297490874391e-05 4.155819775819483e-05


# name: cI
# type: scalar
0.8513968651215935


# name: cITerm
# type: matrix
# rows: 1
# columns: 11
 0.000337792218626308 0.0001342082135414784 0.0001541148871488689 0.000127803175278399 -0.0003314738532421722 -2.257557801225967e-05 -0.0002782517294032467 2.103047121787599e-06 -0.0001883851318474952 0.0001899409526356104 4.25195571294646e-05


# name: cS
# type: scalar
1.011195881359637


# name: cSTerm
# type: matrix
# rows: 1
# columns: 11
 -9.331292008656358e-05 -0.0004121037125849029 -0.0001009612562057405 -0.0001335438688694347 0.0003413987954409768 3.968742532013354e-07 0.0003286764338735161 -2.702748468632921e-06 0.000143805778079959 -0.0004117738528393082 -0.0003491217383669093


# name: coastingTimeInterval
# type: scalar
4.88852306400586


# name: cosEccAnomaly1
# type: scalar
0.6922319980948201


# name: cosTrueAnamoly1
# type: scalar
0.4625750545383576


# name: cosTrueAnamoly2
# type: scalar
-0.9744948809607883


# name: cost
# type: scalar
16.20969840895794


# name: costFunctionVals
# type: matrix
# rows: 110
# columns: 1
 16.10901772155581
 16.21800471556297
 16.10950831681176
 16.10879690960418
 16.10840742789644
 16.29103377414546
 16.23454361386144
 16.10812038204346
 16.21120286980294
 16.42535544845606
 16.10827323417033
 16.10847454961299
 16.23824408259627
 16.21703907243074
 16.22944135253695
 16.67473678911127
 16.20779125289028
 29.60604842949073
 16.28511459351674
 16.20853072412664
 16.2175804865055
 20.24977567916866
 16.27147234417352
 17.58101241950142
 16.10963510491035
 16.11447878920382
 16.49536871161994
 16.30911080958237
 100000
 16.20777364983827
 16.10891780810767
 16.81046713242585
 16.21361495057101
 16.11313230208421
 16.23724070957032
 16.65006287303727
 18.35222922953064
 16.75219594513812
 16.16677541747174
 16.11557906720975
 16.11462465876761
 16.21013041837357
 16.10842855584524
 19.47006120253935
 16.22339714755852
 17.94375658979287
 16.23138258775704
 16.36552314290223
 16.10826756571342
 16.10987791885825
 16.2545166855784
 16.11056501872991
 23.89558215409472
 16.21500597222226
 19.24749402848141
 16.10812895515379
 16.11414772600246
 16.11035637974814
 25.6340318440973
 16.33429197936415
 16.21106490631151
 16.10830622444782
 16.20917103912724
 16.50220007027285
 261.0738097436761
 16.37515310374907
 16.22163048790335
 16.26413311922254
 16.22002971945521
 16.32277554863649
 17.19811827053417
 16.11297039982707
 16.11143648840796
 16.21885797497903
 16.10852680632635
 16.10906128653076
 16.36424502593878
 16.21682257847445
 16.10862522504035
 16.21849274293727
 16.10809026000355
 16.31953687558184
 16.11459197544697
 16.10818071134966
 16.68899008737825
 16.10853400639872
 47.01132067692515
 16.10909292379257
 16.11077920501361
 16.29749468832801
 16.3360452255701
 16.11441955232784
 16.10839347080056
 16.21007130818727
 18.56052892450271
 16.229997102823
 16.20907247813533
 16.10834840871672
 16.34603757051159
 16.11221866217456
 16.11045105416877
 16.31605963264765
 16.29249151166992
 22.13588928353624
 16.24678515746406
 16.22365894200488
 17.24529219216412
 16.21936633318056
 16.31005218334706
 16.20969840895794


# name: costValueAverage
# type: scalar
928.1880963526942


# name: costValueSum
# type: scalar
102100.6905987964


# name: d2
# type: scalar
-0.1294814398789165


# name: d3
# type: scalar
-0.001008289233162873


# name: debug
# type: bool
0


# name: debugPSO
# type: bool
0


# name: deltaE
# type: scalar
2.769866675536735


# name: deltaT1Particle
# type: scalar
0.7762728305932286


# name: deltaT2Particle
# type: scalar
2.384452667156779


# name: displayAverageCostValuePerIteration
# type: bool
1


# name: displayCostFunctionValue
# type: bool
0


# name: eCoast
# type: scalar
0.3378347601812196


# name: eccAnamoly1
# type: scalar
0.05139591676156478


# name: eccAnomaly2
# type: scalar
2.8212625922983


# name: evalTestParticle
# type: bool
0


# name: globalBestParticle
# type: matrix
# rows: 1
# columns: 11
 -0.7631264527746753 0.8566787021768889 -0.8118366914727103 -0.2045329302568353 -0.405962840010221 -0.6283742988442944 0.2472255302427109 -0.5653774255271851 0.7764150441650309 2.769459460811646 2.384107410866872


# name: globalBestValue
# type: scalar
16.10809026000355


# name: globalBestValuePerIteration
# type: matrix
# rows: 100
# columns: 1
 18.39857145246498
 18.39857145246498
 18.39857145246498
 18.39857145246498
 18.39857145246498
 18.39857145246498
 17.94364334129927
 17.94364334129927
 16.62264891828023
 16.39871274773795
 16.32118586106552
 16.32118586106552
 16.32118586106552
 16.32118586106552
 16.31900420406061
 16.31900420406061
 16.31900420406061
 16.31900420406061
 16.31900420406061
 16.25375987333364
 16.25375987333364
 16.25375987333364
 16.25375987333364
 16.25375987333364
 16.25375987333364
 16.25375987333364
 16.25375987333364
 16.24361986382804
 16.24361986382804
 16.14170011524301
 16.14170011524301
 16.14170011524301
 16.14170011524301
 16.11536916897623
 16.11536916897623
 16.11536916897623
 16.11536916897623
 16.11536916897623
 16.11536916897623
 16.11536916897623
 16.11536916897623
 16.11536916897623
 16.11536916897623
 16.11536916897623
 16.11536916897623
 16.11462246833097
 16.11462246833097
 16.11199623486443
 16.11199623486443
 16.11046575936035
 16.11046575936035
 16.11046575936035
 16.11046575936035
 16.11046575936035
 16.11046575936035
 16.11046575936035
 16.11046575936035
 16.11046575936035
 16.11046575936035
 16.11046575936035
 16.11046575936035
 16.110384428357
 16.110384428357
 16.110384428357
 16.110384428357
 16.110384428357
 16.11033287101556
 16.11033287101556
 16.11033287101556
 16.11033287101556
 16.11033287101556
 16.11033287101556
 16.11033287101556
 16.11022438199472
 16.11015473756083
 16.11011704085136
 16.10995420738366
 16.10995420738366
 16.10988693073509
 16.10974965243729
 16.10966697297182
 16.10957907908216
 16.10952503457322
 16.10952098639136
 16.10947026492887
 16.10939821995023
 16.10929911259875
 16.10912534523015
 16.10912534523015
 16.10901951373315
 16.10900931402767
 16.10900688506579
 16.10897225510445
 16.10892211260268
 16.10874471117041
 16.1086592255156
 16.10850712082347
 16.1084761023106
 16.10826696105824
 16.10809026000355


# name: i
# type: scalar
110


# name: iC2
# type: matrix
# rows: 4
# columns: 1
 0.06588780889773684
 0.582962059895421
 1.973788706124729
 3.662116650707016


# name: icThurstArc1
# type: matrix
# rows: 4
# columns: 1
 0
 1
 1
 0


# name: j
# type: scalar
100


# name: k
# type: scalar
11


# name: n0
# type: scalar
0.2


# name: numIterations
# type: scalar
100


# name: numPart
# type: scalar
110


