# Created by Octave 4.2.2, Mon Nov 11 12:19:46 2019 EST <sean@sean-ThinkPad-P50s>
# name: Beta
# type: scalar
2


# name: LBdeltaE
# type: scalar
0


# name: LBdeltat2
# type: scalar
0.001


# name: LBt1
# type: scalar
0.001


# name: LBv
# type: scalar
-1


# name: LBxi
# type: scalar
-1


# name: ParticleLB
# type: matrix
# rows: 1
# columns: 11
 -1 -1 -1 -1 -1 -1 -1 -1 0.001 0 0.001


# name: ParticleUB
# type: matrix
# rows: 1
# columns: 11
 1 1 1 1 1 1 1 1 3 6.283185307179586 3


# name: R1
# type: scalar
1


# name: R2
# type: scalar
2


# name: UBdeltaE
# type: scalar
6.283185307179586


# name: UBdeltat2
# type: scalar
3


# name: UBt1
# type: scalar
3


# name: UBv
# type: scalar
1


# name: UBxi
# type: scalar
1


# name: VelocityLB
# type: matrix
# rows: 1
# columns: 11
 -2 -2 -2 -2 -2 -2 -2 -2 -2.999 -6.283185307179586 -2.999


# name: VelocityUB
# type: matrix
# rows: 1
# columns: 11
 2 2 2 2 2 2 2 2 2.999 6.283185307179586 2.999


# name: aCoast
# type: scalar
1.287101166734446


# name: c
# type: scalar
0.5


# name: cC
# type: scalar
0.1766910943506292


# name: cCTerm
# type: matrix
# rows: 1
# columns: 11
 1.429450330116411e-05 -0.0006958569945178975 0 0 0 -0.003570245873629692 0.001913961894190077 0.000312903869300596 -5.70722087548887e-05 0 0


# name: cI
# type: scalar
0.7413820352304837


# name: cITerm
# type: matrix
# rows: 1
# columns: 11
 -0.0001076561854775939 -0.01040029328665502 -1.015516418428393e-06 5.927627838897702e-08 -1.073352648383001e-06 0.006432002741935101 -0.009936441592506767 -0.001288893975200174 -0.01454372616237994 -1.39505750267281e-06 -1.610224576527678e-06


# name: cS
# type: scalar
0.4874787673519678


# name: cSTerm
# type: matrix
# rows: 1
# columns: 11
 -3.981949791274977e-06 -0.001740760178573525 0 0 0 -0.0007179954403072612 -0.0007006447759339551 -0.000901257608098428 -0.002214601429802034 0 0


# name: coastingTimeInterval
# type: scalar
0.1160307053705256


# name: cosEccAnomaly1
# type: scalar
-0.6113454540980857


# name: cosTrueAnamoly1
# type: scalar
-0.8753133887322521


# name: cosTrueAnamoly2
# type: scalar
-0.84186444495279


# name: cost
# type: scalar
5.053365588200896


# name: costFunctionVals
# type: matrix
# rows: 110
# columns: 1
 4.039221094473283
 5.601264667112341
 5.356386411142424
 4.202639124497358
 51.21010047105176
 5.597205700859132
 86.40456549812767
 4.24356478277298
 4.463547913939442
 4.394529961148624
 100000
 3.764884263938836
 4.184151428478402
 4.140752437135447
 3.97747951733958
 3.89658942367226
 3.892578033835968
 3.96172419891079
 5.021740787635187
 3.782745237017893
 131.7624275036664
 100000
 4.093060768762847
 126.6436527879092
 5.232486007836679
 3.972445851376206
 3.767228454376994
 114.6708592350221
 3.911908426528661
 3.926339684631609
 4.135770099731202
 3.779928862844737
 3.95304307866893
 151.6446164830735
 13.64410535798487
 3.990836885518942
 13.92039994563417
 3.862041012539817
 41.970015188118
 6.564389803403615
 49.68376439346833
 5.760036054376608
 6.26529103788549
 3.943702484119729
 3.877151048259636
 4.037747574409387
 5.188614920919772
 5.977372809461304
 3.796069680286059
 3.977883428196419
 4.311742120667041
 5.319783353306128
 4.117501026664117
 10.09834076218239
 19.67061293305943
 3.824429417023002
 68.28888016441633
 3.763481545280742
 3.892535062872309
 3.872909585805586
 4.396175429505092
 4.140671933011011
 10.04535522721149
 179.2283794863244
 7.566614273635786
 5.199868409785728
 88.49248128515356
 3.863683375564904
 5.203385825465656
 4.161937730848798
 3.77958991167726
 11.12479623877804
 43.85564852467203
 10.05195402024327
 190.2998383789178
 7.380897809797325
 132.2300807847873
 6.96358037030025
 3.76628488204764
 6.186101296174446
 3.866593346924309
 3.950220211147662
 4.255922356401419
 3.983820636712021
 110.0304241880587
 4.700787669872673
 12.35053071174809
 3.825946440734955
 132.213253661468
 3.919441427093362
 3.922114164952848
 6.843337668776919
 3.96046208875533
 3.938778782621516
 4.493389201691734
 3.981040555386985
 12.49064068738321
 43.40315740115115
 22.59993695496737
 4.117447508818112
 6.347216943340597
 5.6299466656227
 53.63803247561517
 6.718949145936476
 5.76355885535628
 4.44059308567425
 5.016082255453647
 3.926872106589168
 3.985503490907851
 5.053365588200896


# name: costValueAverage
# type: scalar
1839.077761520588


# name: costValueSum
# type: scalar
202298.5537672646


# name: d2
# type: scalar
-0.0207717164829927


# name: d3
# type: scalar
-0.009622320619029789


# name: debug
# type: bool
0


# name: debugPSO
# type: bool
0


# name: deltaE
# type: scalar
0


# name: deltaT1Particle
# type: scalar
1.623978776921389


# name: deltaT2Particle
# type: scalar
0.001


# name: displayAverageCostValuePerIteration
# type: bool
1


# name: displayCostFunctionValue
# type: bool
0


# name: eCoast
# type: scalar
0.5678181207048985


# name: eccAnamoly1
# type: scalar
2.12353375824406


# name: eccAnomaly2
# type: scalar
2.12353375824406


# name: evalTestParticle
# type: bool
0


# name: globalBestParticle
# type: matrix
# rows: 1
# columns: 11
 0.9997591260219754 0.3796437303981556 -1 1 -1 0.2259654778696893 0.8852993804196574 -1 1.619435806892495 0 0.001


# name: globalBestValue
# type: scalar
3.758699910489138


# name: globalBestValuePerIteration
# type: matrix
# rows: 100
# columns: 1
 36.18057148353146
 22.96236740692969
 22.96236740692969
 22.96236740692969
 16.04726997586337
 16.04726997586337
 16.04726997586337
 16.04726997586337
 16.04726997586337
 16.04726997586337
 15.34373347070307
 12.88347124615411
 11.81085196643566
 11.81085196643566
 8.130549551697943
 7.547958179030966
 7.547958179030966
 7.547958179030966
 7.547958179030966
 7.547958179030966
 7.088565255034418
 7.088565255034418
 6.524728086565229
 6.524728086565229
 6.524728086565229
 6.524728086565229
 6.168578194834362
 6.168578194834362
 6.14725980473844
 6.14725980473844
 5.93783696762028
 5.669887762198353
 5.669887762198353
 5.163304460074939
 5.163304460074939
 4.861921815899154
 4.861921815899154
 4.861921815899154
 4.842398871429365
 4.733862010022196
 4.283938737415038
 4.283938737415038
 4.153600450973468
 4.153600450973468
 4.147258576447925
 4.147258576447925
 4.147258576447925
 4.146998191630468
 4.146998191630468
 4.142750322752727
 4.108305645083864
 4.097444168575716
 4.051938406951253
 4.032848475856643
 4.016855522487954
 4.016855522487954
 4.007905100019962
 4.007332424115663
 3.984755480197288
 3.91532803260039
 3.911623948267838
 3.911623948267838
 3.911623948267838
 3.899537202998329
 3.899537202998329
 3.866189971983611
 3.851507192057022
 3.851507192057022
 3.832668805633296
 3.832064469070274
 3.830423668197664
 3.807695375178969
 3.807695375178969
 3.805455871687708
 3.805455871687708
 3.793606532661228
 3.793606532661228
 3.791100921956744
 3.791100921956744
 3.789443090070065
 3.789443090070065
 3.771414413989439
 3.763402443616886
 3.763402443616886
 3.763402443616886
 3.763402443616886
 3.762685665281699
 3.762685665281699
 3.762256607571548
 3.762256607571548
 3.761817255122537
 3.761377097015358
 3.760448994793836
 3.759318009289218
 3.759021372599985
 3.759021372599985
 3.758699910489138
 3.758699910489138
 3.758699910489138
 3.758699910489138


# name: i
# type: scalar
110


# name: iC2
# type: matrix
# rows: 4
# columns: 1
 0.3281446931998482
 0.5589352582876219
 1.670805716045791
 1.452699388317655


# name: icThurstArc1
# type: matrix
# rows: 4
# columns: 1
 0
 1
 1
 0


# name: j
# type: scalar
100


# name: k
# type: scalar
11


# name: n0
# type: scalar
0.2


# name: numIterations
# type: scalar
100


# name: numPart
# type: scalar
110


# name: numParticles
# type: scalar
110


# name: numUnknowns
# type: scalar
11


# name: particle
# type: matrix
# rows: 1
# columns: 11
 0.9997672944798816 0.3832146760375514 -1 1 -1 0.2274383531791258 0.8867366630724792 -0.998151185921401 1.623978776921389 0 0.001


